prediction
0.180071
0.673872
0.0869598
0.0869598
0.72828
0.72828
0.0869598
0.657368
0.900847
0.732794
0.648613
0.648613
0.648613
0.648613
0.648613
0.648613
0.648613
0.648613
0.737756
0.117511
0.777536
0.900847
0.657368
0.627733
0.719901
0.648613
0.648613
0.648613
0.545739
0.502007
0.342792
0.585649
0.927014
0.927014
0.634179
0.348081
0.742808
0.787697
0.787697
0.719901
0.197256
0.833353
0.833353
0.833353
0.594098
0.529494
0.5036
0.852444
0.793496
0.72828
0.518123
0.184758
0.753826
0.380824
0.380824
0.545562
0.158914
0.926013
0.571196
0.773591
0.818178
0.378893
0.669369
0.561379
0.623932
0.408935
0.474509
0.833353
0.648613
0.818034
0.106614
0.648613
0.594098
0.700797
0.648613
0.587812
0.487418
0.688971
0.859696
0.58031
0.58031
0.58031
0.58031
0.58031
0.58031
0.992302
0.648613
0.648613
0.594098
0.887491
0.814927
0.591625
0.592803
0.116094
0.020747
0.622002
0.576942
0.163437
0.448196
0.599639
0.94786
0.871783
0.567263
0.320675
0.648613
0.501304
0.786647
0.807458
0.794937
0.467181
0.615628
0.743549
0.19617
0.440008
0.937246
0.676515
0.794188
0.384672
0.384672
0.762962
0.29736
0.90446
0.417632
0.828164
0.620904
0.398611
0.754498
0.688971
0.481791
0.582196
